2.5 2.5 2.5 2.5 2.5 7.5 1 2.5 1 2.5 2.5 2.5 1 2.5 2.5 1 2.5 1 1 1 2.5 1 1 1 1 1 2.5 2.5 2.5 1 1 2.5 2.5 1 1 1 2.5 1 2.5 1
2.5 1 2.5 2.5 1 2.5 1 2.5 1 2.5 1 1 1 2.5 1 1 1 1 1 1.75 2.5 2.5 2.5 2.5 1 1 2.5 2.5 1 1 2.5 2.5 2.5 2.5 1 2.5 2.5 1 2.5 1
2.5 1 2.5 1 1 2.5 2.5 2.5 10 7.5 1 1 1 2.5 2.5 1 2.5 2.5 1 1 2.5 1 2.5 2.5 10 1 2.5 2.5 2.5 1 1 2.5 1 2.5 1 1 10 1 2.5 2.5
2.5 2.5 2.5 1 2.5 2.5 1 2.5 2.5 7.5 1 1 1 2.5 2.5 1 1 1 1 1.75 2.5 1 1 1 2.5 1 1 2.5 1 1 1 7.5 1 2.5 1 2.5 2.5 2.5 7.5 1
2.5 1 2.5 2.5 2.5 2.5 2.5 1.75 1 1 1 2.5 1 2.5 2.5 1 1 2.5 1 2.5 2.5 1 1 1 1 1 1 2.5 1 2.5 1 2.5 1 1 2.5 2.5 1.75 1 7.5 1
2.5 1 7.5 7.5 2.5 2.5 1 2.5 1 7.5 1 1 2.5 2.5 2.5 1 1 2.5 1 2.5 7.5 1 2.5 1 1 1 1 2.5 1 2.5 1 2.5 1 7.5 2.5 7.5 1 10 2.5 1
2.5 2.5 2.5 2.5 2.5 1.75 2.5 2.5 1 2.5 1 2.5 2.5 2.5 2.5 1 1 1 1 1 2.5 1 1 1 1 1 1 2.5 2.5 2.5 2.5 7.5 1 7.5 2.5 2.5 2.5 1 1 1
2.5 2.5 2.5 2.5 1 2.5 2.5 2.5 1 10 1 1 1 2.5 10 1 1 10 1 1 2.5 1 1 2.5 2.5 1 1 2.5 1 10 1 1 1 2.5 2.5 1 2.5 1 2.5 1
2.5 2.5 2.5 2.5 1 2.5 1 7.5 1 2.5 1 1 1 2.5 2.5 1 2.5 1 1 2.5 2.5 1 1 1 1 1 1 2.5 1 2.5 1 2.5 1 2.5 1 1 2.5 1 1 1
2.5 2.5 2.5 2.5 2.5 7.5 1 2.5 1 2.5 1 2.5 1 2.5 1 1 1 1 1 1 1.75 2.5 1 2.5 1 1 1 2.5 1 1 1 2.5 1 2.5 10 7.5 1 1 2.5 2.5
2.5 1 2.5 2.5 2.5 7.5 1 2.5 1 2.5 1 1 1 7.5 2.5 1 1 1 1 1 2.5 2.5 1 2.5 2.5 1 1 2.5 1 2.5 1 2.5 1 2.5 1 1.75 2.5 1 2.5 1
2.5 2.5 2.5 7.5 1 2.5 2.5 2.5 1 2.5 1 2.5 1 1 2.5 1 1 1 1 7.5 2.5 2.5 1 1 2.5 1 1 2.5 2.5 2.5 1 1 1 2.5 2.5 2.5 2.5 1 2.5 1
2.5 2.5 2.5 1 1 7.5 1 2.5 2.5 2.5 1 2.5 1 2.5 2.5 1 1 1 1 1 2.5 1 1 1 1 2.5 1 7.5 1 1 2.5 1 10 2.5 2.5 1 1.75 1 7.5 1
2.5 2.5 2.5 2.5 1 2.5 1 2.5 1 2.5 1 2.5 1 2.5 2.5 1 1 1 1 2.5 2.5 10 1 2.5 1 1 1 2.5 2.5 1 1 1 1 1 1 1 1 1 7.5 1
2.5 1.75 2.5 1.75 1 2.5 1 1 1 2.5 1 1 1 2.5 2.5 1 1 1 1 2.5 2.5 1 1 1 1 1 10 7.5 1 1 1 1 1 8.75 2.5 2.5 1 1 2.5 1
2.5 2.5 7.5 2.5 1 2.5 1 2.5 1 2.5 2.5 1 2.5 2.5 2.5 1 1 1 1 2.5 2.5 1 1 2.5 2.5 1 1 7.5 2.5 1 2.5 7.5 1 2.5 1 2.5 2.5 1 2.5 1
2.5 2.5 7.5 2.5 2.5 2.5 1 7.5 1 1 1 2.5 1 7.5 1 1 1 1 1 1.75 1 1 10 1 1 1 2.5 2.5 2.5 2.5 2.5 2.5 2.5 1 1 1 2.5 1 2.5 1
2.5 2.5 2.5 1 1 7.5 1 2.5 1 1 1 2.5 1 2.5 2.5 1 1 2.5 1 1 2.5 2.5 1 1 1 1 1 2.5 1 2.5 1 7.5 1 2.5 1 7.5 2.5 1 2.5 1
7.5 2.5 2.5 2.5 1 7.5 1 2.5 1 7.5 1 1 1 2.5 1 2.5 1 1 1 2.5 2.5 1 1 1 1 1 2.5 2.5 1 1 1 1 10 2.5 1 1.75 2.5 1 7.5 1
7.5 2.5 1 2.5 1 2.5 1 2.5 1 1 2.5 1 1 2.5 2.5 1 2.5 2.5 1 7.5 1.75 1 2.5 2.5 1 2.5 1 7.5 1 1 1 2.5 1 2.5 1 2.5 2.5 2.5 2.5 1
1 2.5 1 7.5 1 7.5 1 1.75 1 2.5 1 1 1 2.5 10 1 1 1 1 2.5 2.5 2.5 1 1 1 1 1 7.5 2.5 2.5 1 2.5 1 2.5 1 7.5 1 1 2.5 1
2.5 2.5 2.5 2.5 1 2.5 1 7.5 1 2.5 1 1 1 7.5 2.5 1 1 2.5 1 1 2.5 2.5 2.5 1 1 1 1 2.5 1 1 2.5 2.5 1 2.5 1 1 2.5 1 2.5 2.5
2.5 2.5 2.5 2.5 2.5 2.5 2.5 2.5 1 2.5 1 1 1 2.5 2.5 1 2.5 2.5 1 1 2.5 1 1 1 1 1 2.5 2.5 1 10 1 1.75 1 2.5 1 1 2.5 1 2.5 2.5
2.5 1 1 2.5 1 1.75 1 2.5 1 2.5 1 2.5 2.5 2.5 2.5 1 1 2.5 1 2.5 1 2.5 1 1 2.5 1 10 2.5 1 1 10 1 1 2.5 1 2.5 1 1 7.5 1
2.5 1.75 7.5 2.5 1 2.5 1 2.5 2.5 2.5 1 1 1 2.5 2.5 1 1 2.5 1 2.5 2.5 1 1 1 1 2.5 2.5 2.5 1 1 1 1 1 1 1 7.5 2.5 1 2.5 1
2.5 1 2.5 2.5 2.5 7.5 1 1.75 1 2.5 1 2.5 2.5 1 2.5 1 1 1 1 7.5 2.5 2.5 1 2.5 1 1 10 7.5 1 2.5 1 7.5 1 2.5 1 1 2.5 1 2.5 1
2.5 2.5 7.5 2.5 1 7.5 1 2.5 1 2.5 1 1 2.5 2.5 2.5 2.5 1 2.5 1 1 1 1 2.5 2.5 1 1 1 2.5 2.5 1 1 1 1 2.5 2.5 1 1 1 1.75 1
2.5 1.75 2.5 2.5 2.5 2.5 1 7.5 1 2.5 1 1 2.5 2.5 2.5 1 1 1 1 1 7.5 2.5 1 1 2.5 2.5 1 2.5 2.5 1 1 2.5 2.5 2.5 2.5 2.5 7.5 1 2.5 1
7.5 2.5 2.5 1 1 7.5 1 2.5 1 2.5 1 1 1 2.5 2.5 1 1 1 1 2.5 2.5 2.5 1 1 2.5 2.5 1 2.5 2.5 1 1 1 1 2.5 1 1 2.5 1 1.75 2.5
2.5 2.5 7.5 1 1 2.5 10 2.5 1 2.5 1 1 1 2.5 7.5 1 1 1 1 2.5 2.5 1 1 1 1 1 1 2.5 1 1 1 2.5 1 2.5 1 2.5 2.5 1 2.5 1
2.5 1 7.5 2.5 1 2.5 1 1.75 1 2.5 1 2.5 2.5 2.5 2.5 1 1 1 2.5 7.5 2.5 1 1 1 1 1 1 7.5 1 2.5 1 2.5 1 2.5 1 2.5 8.75 1 1.75 1
1 2.5 2.5 2.5 1 2.5 2.5 2.5 1 7.5 1 1 1 7.5 2.5 1 1 1 1 1.75 2.5 1 1 1 1 1 1 2.5 2.5 2.5 1 2.5 2.5 2.5 1 1 1 1 7.5 1
2.5 1 7.5 2.5 1 2.5 1 2.5 2.5 2.5 1 1 1 1 2.5 1 1 1 2.5 1 1 1 1 1 1 2.5 1 7.5 1 1 1 2.5 1 2.5 1 1 1.75 1 2.5 1
2.5 1 2.5 2.5 1 1 1 2.5 2.5 2.5 1 2.5 1 2.5 2.5 1 2.5 1 1 1 2.5 1 1 1 1 1 1 2.5 1 1 1 2.5 1 2.5 2.5 2.5 2.5 2.5 2.5 1
2.5 2.5 7.5 2.5 1 2.5 1 1.75 1 2.5 2.5 1 1 2.5 2.5 1 1 1 1 1 2.5 1 1 1 2.5 1 2.5 2.5 1 1 1 2.5 1 1 1 1 2.5 1 7.5 1
2.5 2.5 2.5 2.5 1 1 1 2.5 1 2.5 1 1 1 2.5 1 1 1 1 1 2.5 2.5 1 1 1 1 1 1 2.5 1 2.5 1 2.5 1 2.5 1 2.5 10 2.5 1.75 1
2.5 1 2.5 1 1 7.5 1 2.5 1 2.5 1 1 2.5 2.5 2.5 1 1 1 1 2.5 2.5 2.5 1 2.5 1 1 2.5 2.5 1 1 1 2.5 1 2.5 1 1 2.5 1 2.5 1
7.5 1 2.5 2.5 1 7.5 1 2.5 1 2.5 1 1 1 2.5 7.5 1 1 2.5 1 2.5 1 1 1 1 1 1 1 2.5 1 1 1 1 1 2.5 2.5 1 2.5 1 7.5 1
7.5 2.5 2.5 2.5 1 2.5 1 2.5 2.5 7.5 2.5 2.5 1 2.5 2.5 1 1 1 1 2.5 2.5 2.5 10 1 1 1 1 7.5 2.5 1 1 2.5 2.5 7.5 1 1 1 1 2.5 1
7.5 2.5 2.5 2.5 2.5 2.5 1 2.5 2.5 2.5 1 1 1 2.5 7.5 1 1 1 1 1 1 1 1 1 2.5 1 1 7.5 1 1 1 1 1 2.5 1 7.5 10 1 2.5 1
1 1 2.5 2.5 1 7.5 1 1 1 1 1 1 1 2.5 2.5 1 1 2.5 1 2.5 2.5 1 1 1 2.5 2.5 10 2.5 1 2.5 1 7.5 1 1 2.5 1.75 1 2.5 2.5 1
7.5 1 2.5 2.5 1 1 2.5 1 10 7.5 1 1 1 2.5 7.5 1 1 1 1 2.5 1 1 1 2.5 10 1 2.5 7.5 1 1 1 7.5 1 2.5 1 2.5 10 1 2.5 2.5
2.5 1 7.5 2.5 1 1 1 2.5 1 2.5 1 1 1 2.5 2.5 1 1 1 1 2.5 2.5 1 1 1 1 1 10 2.5 1 1 1 1 1 2.5 1 7.5 2.5 1 2.5 1
2.5 2.5 2.5 2.5 10 1 1 2.5 1 2.5 1 2.5 1 1.75 2.5 1 1 1 1 1 1 1 2.5 1 1 1 1 2.5 1 1 2.5 2.5 2.5 2.5 1 1 2.5 1 2.5 1
2.5 2.5 1 2.5 1 7.5 1 2.5 1 1.75 1 2.5 2.5 2.5 2.5 1 1 1 1 2.5 1 2.5 1 1 1 1 10 7.5 1 2.5 1 2.5 10 2.5 1 1 1 2.5 2.5 2.5
2.5 1 2.5 7.5 2.5 2.5 1 2.5 2.5 1.75 1 2.5 1 1 2.5 1 1 1 1 2.5 2.5 1 1 1 1 1 10 2.5 10 1 2.5 2.5 1 2.5 1 1 2.5 10 2.5 1
2.5 2.5 2.5 2.5 1 1 2.5 2.5 1 1.75 1 1 2.5 2.5 2.5 1 1 1 1 1 2.5 7.5 1 1 1 1 2.5 2.5 2.5 2.5 1 2.5 2.5 2.5 1 2.5 2.5 1 2.5 1
2.5 2.5 7.5 2.5 1 2.5 1 2.5 2.5 2.5 1 10 1 2.5 1 1 2.5 10 1 1 2.5 1 1 1 1 1 1 2.5 1 1 1 2.5 2.5 2.5 1 2.5 2.5 10 1 1
2.5 2.5 2.5 2.5 1 2.5 10 1.75 1 2.5 1 2.5 1 2.5 2.5 2.5 1 1 1 1 7.5 2.5 1 2.5 1 1 1 2.5 1 1 1 1 2.5 2.5 1 7.5 2.5 1 1 1
2.5 1 2.5 2.5 1 2.5 1 2.5 1 2.5 1 2.5 1 2.5 2.5 1 1 2.5 1 1 2.5 1 1 1 1 1 1 2.5 1 2.5 1 2.5 2.5 2.5 10 2.5 2.5 1 2.5 1
2.5 2.5 7.5 1 1 7.5 10 2.5 1 2.5 1 1 10 1.75 2.5 1 2.5 1 1 2.5 2.5 1 1 1 1 1 1 2.5 1 1 1 2.5 1 2.5 1 1.75 2.5 1 2.5 2.5
2.5 2.5 1 2.5 1 7.5 1 2.5 2.5 2.5 1 2.5 1 2.5 2.5 1 1 2.5 2.5 2.5 2.5 2.5 1 1 2.5 1 1 7.5 2.5 1 1 7.5 1 1 1 1 2.5 1 7.5 1
2.5 2.5 2.5 2.5 1 1 1 2.5 2.5 1.75 2.5 2.5 1 2.5 2.5 1 1 1 1 2.5 1 2.5 1 2.5 1 1 2.5 2.5 1 1 1 1 1 2.5 2.5 1 2.5 1 2.5 1
7.5 1.75 2.5 7.5 1 2.5 1 2.5 1 1 2.5 1 1 1 2.5 1 1 1 1 1 2.5 2.5 2.5 1 1 1 1 2.5 1 1 1 7.5 1 7.5 1 2.5 2.5 1 7.5 1
1 1 1.75 2.5 1 7.5 2.5 2.5 2.5 7.5 1 1 1 2.5 2.5 1 1 1 1 2.5 2.5 1 1 2.5 1 10 1 7.5 1 1 1 2.5 2.5 2.5 1 7.5 10 1 2.5 1
2.5 1 2.5 2.5 1 2.5 1 1 1 2.5 1 1 1 2.5 2.5 1 1 2.5 1 2.5 2.5 1 1 1 1 1 1 2.5 1 2.5 1 2.5 1 2.5 1 1 1 2.5 7.5 1
2.5 2.5 2.5 7.5 1 1 1 2.5 1 2.5 1 2.5 1 2.5 7.5 1 2.5 2.5 1 1 2.5 1 1 1 2.5 2.5 2.5 7.5 2.5 1 1 2.5 1 2.5 1 2.5 1 1 2.5 1
2.5 2.5 2.5 2.5 1 7.5 1 2.5 1 10 1 1 1 2.5 2.5 2.5 1 1 1 2.5 2.5 2.5 1 1 1 1 1 2.5 2.5 10 1 7.5 2.5 2.5 1 1 2.5 1 1.75 1
1 2.5 2.5 7.5 1 2.5 1 2.5 1 7.5 1 1 1 2.5 1 1 1 1 1 7.5 2.5 2.5 1 1 1 1 1 2.5 1 1 1 2.5 1 2.5 1 2.5 2.5 1 7.5 1
2.5 2.5 2.5 1.75 1 1 1 2.5 1 2.5 1 2.5 1 2.5 8.75 1 1 2.5 1 1 1.75 1 1 1 1 1 2.5 2.5 1 1 1 2.5 2.5 2.5 1 1 2.5 2.5 2.5 1
2.5 1 2.5 2.5 1 2.5 1 2.5 1 2.5 1 1 2.5 1 2.5 1 2.5 2.5 1 2.5 1 2.5 1 1 1 2.5 2.5 2.5 1 1 10 1 1 2.5 1 2.5 1 1 2.5 1
7.5 2.5 2.5 2.5 1 2.5 2.5 2.5 1 2.5 1 1 1 2.5 1 2.5 1 1 1 1 2.5 10 1 1 1 1 1 7.5 2.5 2.5 1 2.5 2.5 2.5 1 2.5 1 1 7.5 1
2.5 2.5 2.5 2.5 1 7.5 2.5 2.5 1 2.5 1 2.5 1 2.5 2.5 1 2.5 1 1 2.5 2.5 2.5 1 1 1 2.5 1 2.5 1 1 1 2.5 1 2.5 1 7.5 2.5 1 1 2.5
7.5 1 7.5 2.5 2.5 1 1 2.5 2.5 2.5 1 1 1 7.5 7.5 1 1 2.5 1 2.5 2.5 1 1 2.5 1 1 2.5 7.5 1 2.5 1 1 1 2.5 1 2.5 2.5 1 2.5 1
2.5 1 2.5 2.5 1 1 2.5 2.5 1 2.5 1 2.5 2.5 2.5 2.5 1 1 1 1 2.5 7.5 2.5 1 1 1 1 1 2.5 1 1 1 1 2.5 7.5 1 2.5 2.5 2.5 2.5 1
1.75 2.5 2.5 7.5 2.5 2.5 2.5 2.5 1 2.5 1 2.5 1 2.5 2.5 1 1 2.5 1 1 1 1 1 1 1 1 1 2.5 1 1 1 7.5 1 2.5 1 1.75 2.5 1 2.5 2.5
2.5 2.5 7.5 2.5 1 7.5 10 2.5 1 2.5 1 1 1 2.5 2.5 1 1 2.5 1 1 1 1 1 1 1 1 1 2.5 1 1 1 2.5 2.5 2.5 1 1 10 1 2.5 1
2.5 2.5 1 2.5 1 7.5 1 2.5 1 1 1 2.5 2.5 2.5 1 2.5 1 1 1 1 2.5 2.5 1 1 1 1 1 2.5 1 2.5 1 1 1 2.5 2.5 1 10 2.5 7.5 1
7.5 2.5 7.5 1 1 1 1 2.5 1 2.5 1 10 1 2.5 2.5 1 1 2.5 1 1 7.5 1 1 1 1 1 1 2.5 1 1 1 7.5 2.5 2.5 1 1 2.5 1 7.5 1
2.5 1.75 2.5 7.5 1 1.75 1 7.5 1 2.5 1 1 1 1 7.5 1 1 2.5 1 2.5 2.5 1 1 2.5 2.5 1 2.5 2.5 1 1 1 1 1 2.5 2.5 2.5 1.75 1 7.5 10
2.5 1 1 7.5 1 2.5 1 2.5 10 2.5 1 1 2.5 2.5 1 1 1 1 1 1 2.5 10 1 1 1 1 1 2.5 1 1 1 7.5 1 2.5 1 1 1 1 2.5 1
2.5 1.75 2.5 2.5 1 7.5 1 2.5 1 1 1 1 1 2.5 2.5 1 1 1 1 2.5 2.5 1 1 2.5 1 2.5 10 2.5 1 1 2.5 7.5 1 2.5 1 2.5 2.5 1 2.5 1
2.5 2.5 2.5 2.5 2.5 7.5 2.5 2.5 1 2.5 1 2.5 1 1 1 2.5 2.5 1 1 1 2.5 2.5 1 1 1 1 2.5 7.5 1 1 1 2.5 1 2.5 2.5 2.5 2.5 1 2.5 1
2.5 2.5 7.5 2.5 2.5 7.5 1 2.5 1 2.5 1 1 1 2.5 2.5 2.5 2.5 1 1 7.5 2.5 1 1 1 1 2.5 1 2.5 1 1 1 2.5 1 2.5 2.5 1 2.5 1 7.5 1
2.5 2.5 2.5 2.5 2.5 7.5 2.5 2.5 1 1 1 1 1 2.5 2.5 2.5 1 2.5 1 2.5 2.5 1 2.5 1 1 1 1 2.5 1 1 1 1 1 1 1 2.5 2.5 1 2.5 1
2.5 2.5 1 2.5 1 2.5 1 2.5 2.5 1 1 2.5 1 7.5 1 1 2.5 10 1 2.5 2.5 1 1 2.5 1 1 2.5 2.5 1 1 2.5 1 1 1.75 1 1 2.5 2.5 2.5 1
2.5 1 2.5 1.75 1 1 2.5 2.5 1 2.5 1 10 1 7.5 2.5 1 1 1 1 1 2.5 2.5 1 1 2.5 1 2.5 7.5 1 1 1 2.5 1 2.5 1 7.5 2.5 1 1 1
7.5 2.5 2.5 2.5 2.5 7.5 1 1.75 2.5 2.5 1 1 1 2.5 7.5 1 1 1 1 2.5 7.5 1 1 2.5 2.5 1 1 2.5 2.5 1 1 1 1 2.5 1 1 1 1 7.5 1
2.5 2.5 1 2.5 1 2.5 2.5 1 1 2.5 1 2.5 2.5 2.5 2.5 1 1 1 2.5 1 2.5 1 1 1 1 1 1 2.5 2.5 1 2.5 2.5 1 2.5 1 1 1 2.5 7.5 1
2.5 2.5 2.5 2.5 1 1 1 2.5 1 2.5 1 1 1 8.75 2.5 1 1 1 1 1 2.5 2.5 2.5 2.5 2.5 1 1 2.5 1 1 1 7.5 1 7.5 1 7.5 7.5 1 2.5 2.5
2.5 2.5 2.5 1 1 2.5 1 2.5 1 2.5 2.5 1 2.5 2.5 1 2.5 2.5 1 1 1 2.5 1 1 1 1 1 2.5 2.5 1 1 2.5 7.5 2.5 2.5 1 2.5 1 1 1 1
2.5 10 2.5 2.5 1 1.75 2.5 2.5 1 1 1 1 1 2.5 2.5 1 2.5 1 1 2.5 1 2.5 2.5 1 1 1 2.5 2.5 1 2.5 1 2.5 1 2.5 1 1 2.5 2.5 1 1
7.5 1 2.5 2.5 1 2.5 1 2.5 1 7.5 1 1 1 2.5 1 2.5 1 10 1 2.5 2.5 2.5 1 1 1 2.5 1 2.5 1 2.5 1 2.5 1 2.5 2.5 7.5 1 1 2.5 1
2.5 2.5 2.5 2.5 2.5 7.5 2.5 2.5 2.5 2.5 1 2.5 2.5 2.5 10 1 1 2.5 1 1 2.5 10 1 1 1 1 2.5 2.5 1 1 2.5 1 1 7.5 1 7.5 1 1 2.5 1
2.5 2.5 2.5 1 1 7.5 1 2.5 1 2.5 1 2.5 1 2.5 10 1 1 1 1 1 2.5 2.5 1 1 2.5 1 1 2.5 1 2.5 2.5 2.5 1 2.5 1 2.5 1 1 2.5 1
2.5 10 2.5 2.5 1 2.5 1 2.5 1 2.5 2.5 10 2.5 2.5 2.5 1 1 1 1 1 1 1 1 2.5 2.5 1 2.5 2.5 2.5 1 2.5 7.5 1 2.5 2.5 2.5 2.5 1 2.5 1
2.5 2.5 2.5 7.5 2.5 2.5 2.5 2.5 1 2.5 1 1 2.5 2.5 1 1 1 1 1 2.5 2.5 2.5 2.5 1 10 1 1 2.5 1 2.5 1 7.5 1 2.5 1 7.5 2.5 2.5 2.5 1
2.5 1 2.5 1 2.5 2.5 1 2.5 1 2.5 2.5 1 2.5 2.5 2.5 1 2.5 1 1 1 2.5 2.5 1 1 1 1 1 7.5 2.5 1 1 1.75 1 2.5 1 1 1 1 1 1
2.5 1 2.5 7.5 1 1 1 2.5 1 2.5 1 1 1 1 1 1 1 1 1 1 2.5 1 1 1 2.5 1 1 7.5 1 1 1 2.5 1 2.5 1 1 2.5 2.5 2.5 1
2.5 1.75 2.5 2.5 1 1 2.5 2.5 1 2.5 1 1 2.5 2.5 2.5 1 1 1 1 1 2.5 1 1 1 1 1 1 2.5 1 1 1 1 2.5 2.5 2.5 7.5 1 1 7.5 1
7.5 7.5 2.5 7.5 1 7.5 1 2.5 1 2.5 1 1 1 2.5 1 1 1 1 1 1.75 2.5 10 1 1 2.5 1 10 2.5 1 1 1 2.5 1 2.5 2.5 7.5 2.5 1 1 1
2.5 1.75 2.5 7.5 2.5 2.5 1 2.5 1 2.5 1 1 1 2.5 2.5 1 1 1 1 7.5 1 2.5 1 1 1 2.5 1 2.5 1 1 1 2.5 1 2.5 1 1 2.5 1 2.5 1
2.5 1 2.5 2.5 1 2.5 2.5 2.5 1 2.5 1 2.5 1 7.5 2.5 1 1 1 1 1 2.5 1 1 2.5 1 2.5 2.5 7.5 2.5 2.5 1 7.5 1 2.5 2.5 1 10 1 2.5 2.5
7.5 2.5 2.5 2.5 1 2.5 1 2.5 1 2.5 1 2.5 1 2.5 1 1 2.5 1 2.5 1 2.5 2.5 1 1 1 1 10 2.5 2.5 1 1 2.5 1 1 1 2.5 2.5 1 2.5 1
2.5 2.5 2.5 2.5 1 1 2.5 2.5 1 2.5 1 1 1 2.5 2.5 1 1 1 1 2.5 2.5 2.5 1 1 2.5 1 2.5 2.5 1 1 1 2.5 2.5 2.5 1 7.5 2.5 1 7.5 2.5
7.5 2.5 2.5 1 1 2.5 1 2.5 2.5 2.5 2.5 2.5 2.5 7.5 10 1 2.5 10 1 1 2.5 2.5 1 1 1 1 2.5 7.5 2.5 1 1 7.5 2.5 2.5 2.5 2.5 1 2.5 2.5 1
2.5 1 2.5 2.5 1 7.5 1 2.5 1 2.5 1 1 1 2.5 7.5 1 1 1 1 7.5 1 1 2.5 1 1 1 2.5 2.5 1 1 1 7.5 1 2.5 1 1 1 1 7.5 1
2.5 2.5 7.5 2.5 1 2.5 1 2.5 1 2.5 1 2.5 1 2.5 2.5 1 1 1 1 1 2.5 2.5 1 1 1 1 1 2.5 2.5 2.5 1 2.5 2.5 2.5 2.5 1 1 1 2.5 1
2.5 2.5 2.5 2.5 1 7.5 1 1 1 2.5 2.5 1 1 7.5 2.5 1 1 1 1 1 2.5 1 2.5 1 1 1 1 2.5 1 1 1 1 2.5 2.5 1 7.5 2.5 1 1 1
2.5 1 2.5 2.5 2.5 7.5 1 2.5 1 1.75 1 1 1 2.5 1.75 1 1 1 1 2.5 2.5 2.5 1 1 1 1 2.5 2.5 1 1 1 2.5 1 2.5 1 2.5 2.5 1 1 1
2.5 1 2.5 2.5 1 7.5 1 2.5 2.5 2.5 1 1 1 2.5 2.5 1 1 1 1 2.5 2.5 1 1 2.5 10 2.5 1 7.5 1 1 1 2.5 1 2.5 1 1 2.5 1 2.5 1
2.5 2.5 2.5 2.5 1 1 2.5 2.5 1 7.5 1 1 1 2.5 2.5 1 1 1 1 2.5 7.5 1 1 1 1 2.5 2.5 2.5 2.5 1 1 2.5 1 7.5 1 1 2.5 2.5 2.5 1
2.5 10 7.5 2.5 1 2.5 2.5 2.5 1 2.5 1 2.5 1 2.5 2.5 1 1 2.5 1 2.5 2.5 2.5 1 1 1 1 2.5 2.5 1 1 1 2.5 1 2.5 1 7.5 10 1 1 1
2.5 2.5 2.5 1 1 2.5 1 7.5 2.5 2.5 1 2.5 1 2.5 2.5 1 1 1 1 2.5 1 1 1 1 1 2.5 1 2.5 1 2.5 1 2.5 1 2.5 1 1 2.5 2.5 2.5 1
2.5 2.5 2.5 2.5 1 7.5 10 2.5 2.5 2.5 1 1 1 2.5 2.5 1 1 2.5 2.5 2.5 2.5 2.5 1 1 2.5 1 1 2.5 1 2.5 1 2.5 1 2.5 1 1 2.5 2.5 2.5 1
2.5 2.5 7.5 1 1 7.5 1 2.5 1 2.5 1 10 1 2.5 2.5 1 1 1 1 1 2.5 2.5 1 1 1 1 1 2.5 1 2.5 1 2.5 1 2.5 1 1 1 1 2.5 1
2.5 2.5 2.5 2.5 1 2.5 2.5 2.5 1 2.5 1 1 1 2.5 2.5 1 1 1 2.5 1 2.5 1 2.5 2.5 1 1 1 2.5 1 1 1 2.5 1 2.5 1 7.5 2.5 1 1 1
2.5 1 2.5 2.5 1 2.5 2.5 7.5 1 2.5 1 1 1 1.75 1 1 1 1 1 1 2.5 2.5 2.5 1 1 2.5 1 2.5 2.5 1 1 2.5 1 2.5 1 2.5 2.5 1 7.5 1
2.5 2.5 2.5 1 2.5 1 1 2.5 2.5 2.5 1 1 1 2.5 2.5 1 1 1 1 1 7.5 2.5 1 1 1 1 1 2.5 1 1 1 2.5 1 2.5 1 1 1.75 1 2.5 1
2.5 2.5 2.5 1 1 7.5 2.5 2.5 2.5 2.5 1 1 1 2.5 2.5 1 2.5 1 1 7.5 2.5 10 1 2.5 2.5 1 1 2.5 2.5 1 1 2.5 1 2.5 1 2.5 2.5 1 2.5 2.5
2.5 2.5 2.5 2.5 1 2.5 1 7.5 1 10 1 1 1 2.5 2.5 1 2.5 1 1 1 1 1 1 1 1 1 2.5 2.5 2.5 1 1 7.5 1 2.5 1 1 2.5 10 2.5 1
2.5 2.5 1 2.5 1 2.5 1 2.5 1 1 1 2.5 2.5 1 2.5 1 1 2.5 1 2.5 7.5 1 1 1 2.5 1 1 2.5 1 1 1 2.5 2.5 1 1 1 2.5 1 7.5 1
7.5 2.5 2.5 2.5 1 2.5 1 2.5 2.5 2.5 1 1 1 2.5 2.5 1 1 1 1 2.5 1 1 1 1 1 1 1 2.5 1 1 1 7.5 1 1.75 2.5 1 2.5 1 2.5 1
7.5 2.5 2.5 2.5 1 1 2.5 2.5 2.5 2.5 1 2.5 2.5 7.5 1 2.5 1 1 1 7.5 2.5 1 1 2.5 1 1 2.5 2.5 1 1 1 2.5 1 2.5 1 1 2.5 1 7.5 2.5
7.5 1 2.5 7.5 1 7.5 1 2.5 1 2.5 1 2.5 1 2.5 2.5 1 1 2.5 1 1 1 2.5 1 1 1 1 1 2.5 1 1 1 2.5 1 7.5 1 7.5 1 1 2.5 1
2.5 7.5 2.5 2.5 2.5 7.5 1 2.5 1 2.5 1 10 1 2.5 2.5 1 2.5 1 1 1 2.5 2.5 1 1 1 1 10 2.5 1 1 1 1 1 2.5 1 1 2.5 1 2.5 2.5
2.5 2.5 2.5 1.75 1 1 1 2.5 1 2.5 1 10 1 2.5 2.5 1 1 1 1 2.5 2.5 10 1 2.5 1 2.5 1 2.5 1 1 1 7.5 1 2.5 1 1 2.5 1 1 1
2.5 1 1 7.5 1 7.5 1 2.5 2.5 2.5 1 10 1 2.5 1 2.5 1 1 1 2.5 7.5 1 1 1 1 1 1 2.5 2.5 2.5 1 7.5 1 2.5 1 7.5 2.5 1 2.5 1
2.5 1 7.5 7.5 2.5 1 1 2.5 2.5 2.5 1 1 1 2.5 2.5 1 1 1 1 2.5 2.5 1 1 1 2.5 1 2.5 2.5 1 1 1 2.5 2.5 2.5 2.5 2.5 2.5 1 2.5 1
2.5 2.5 2.5 2.5 1 2.5 1 7.5 1 1 1 2.5 1 1 2.5 1 1 10 1 7.5 2.5 2.5 1 1 1 2.5 2.5 2.5 1 1 1 7.5 2.5 2.5 1 7.5 1.75 1 2.5 1
2.5 1 2.5 2.5 1 2.5 2.5 1.75 1 1 1 1 1 2.5 1 1 1 2.5 1 1 1.75 2.5 2.5 1 1 1 2.5 2.5 1 1 1 2.5 1 2.5 2.5 2.5 1 10 7.5 1
2.5 10 1 2.5 2.5 1 1 2.5 2.5 2.5 1 1 1 7.5 2.5 1 1 1 1 2.5 1 2.5 1 2.5 2.5 1 1 2.5 1 1 2.5 1 1 2.5 2.5 1 1 1 7.5 1
2.5 2.5 7.5 2.5 1 1 2.5 2.5 1 2.5 1 1 1 2.5 2.5 1 1 2.5 1 2.5 2.5 2.5 1 1 1 1 1 2.5 2.5 2.5 1 2.5 1 2.5 1 1 2.5 1 7.5 1
7.5 2.5 2.5 1 1 2.5 2.5 2.5 2.5 2.5 1 1 1 1 2.5 1 1 1 1 2.5 1 2.5 2.5 10 1 1 1 2.5 1 1 1 2.5 1 2.5 1 1 2.5 2.5 2.5 1
2.5 1.75 1 2.5 2.5 2.5 1 2.5 1 2.5 1 2.5 2.5 1.75 2.5 1 1 2.5 1 2.5 2.5 1 1 1 1 1 1 2.5 1 1 1 2.5 1 2.5 1 2.5 2.5 2.5 1 2.5
2.5 2.5 2.5 2.5 10 2.5 1 2.5 2.5 2.5 1 2.5 1 2.5 2.5 1 2.5 1 1 1 2.5 10 2.5 1 2.5 1 1 2.5 1 1 2.5 2.5 2.5 10 2.5 2.5 2.5 1 7.5 1
2.5 2.5 2.5 7.5 2.5 2.5 1 2.5 1 2.5 1 2.5 1 2.5 2.5 1 2.5 2.5 1 1 1 1 1 1 1 1 2.5 7.5 1 1 1 7.5 1 2.5 1 1 2.5 1 7.5 1
2.5 2.5 2.5 2.5 2.5 2.5 1 2.5 1 2.5 2.5 1 1 2.5 1 1 1 1 1 2.5 1 1 1 1 10 2.5 2.5 2.5 1 1 1 2.5 1 2.5 10 2.5 2.5 1 1 1
2.5 1 2.5 1 1 2.5 1 2.5 1 2.5 1 1 1 2.5 1 1 1 1 1 1 7.5 2.5 2.5 1 2.5 1 1 2.5 1 1 1 2.5 1 2.5 1 2.5 2.5 2.5 7.5 1
2.5 1 2.5 1 2.5 2.5 2.5 7.5 2.5 10 1 1 1 2.5 2.5 1 1 1 2.5 7.5 1 2.5 1 1 1 1 1 7.5 1 10 1 2.5 1 2.5 1 2.5 1 1 7.5 2.5
2.5 2.5 1 2.5 2.5 2.5 2.5 2.5 1 2.5 1 2.5 1 7.5 2.5 1 1 1 1 2.5 7.5 2.5 1 2.5 1 1 1 2.5 1 1 1 7.5 1 2.5 1 2.5 2.5 1 1 1
1 2.5 2.5 2.5 2.5 1 1 2.5 1 7.5 1 1 1 2.5 7.5 1 1 1 1 1 1 1 1 1 1 1 2.5 2.5 2.5 1 2.5 2.5 1 7.5 1 7.5 2.5 1 7.5 1
2.5 2.5 2.5 7.5 1 2.5 1 7.5 2.5 2.5 1 1 1 2.5 2.5 2.5 1 1 1 7.5 1 1 1 2.5 1 1 1 2.5 1 1 1 2.5 1 1 1 2.5 2.5 1 7.5 1
2.5 2.5 2.5 2.5 1 2.5 2.5 2.5 1 2.5 2.5 10 1 2.5 1.75 1 2.5 2.5 1 2.5 1 1 1 1 1 1 1 2.5 1 1 1 2.5 1 2.5 1 7.5 1 2.5 2.5 1
2.5 2.5 2.5 2.5 2.5 1 1 2.5 1 2.5 1 10 1 7.5 2.5 1 1 10 1 1 2.5 1 1 1 1 2.5 1 2.5 1 2.5 1 1.75 1 2.5 1 1 1 1 2.5 1
2.5 2.5 1 2.5 1 2.5 1 2.5 1 2.5 1 2.5 1 7.5 1 1 1 1 1 2.5 2.5 10 1 1 1 1 1 2.5 1 1 1 1 2.5 2.5 2.5 7.5 2.5 2.5 1 1
2.5 2.5 7.5 7.5 10 2.5 1 7.5 1 2.5 1 1 1 2.5 1 1 1 10 1 1 2.5 1 2.5 2.5 1 1 1 2.5 1 2.5 1 2.5 1 1.75 1 2.5 1 1 2.5 1
7.5 2.5 2.5 2.5 1 2.5 1 7.5 1 2.5 1 1 1 2.5 1 1 1 1 1 1 1 1 1 1 1 1 1 2.5 1 1 1 2.5 1 2.5 1 2.5 2.5 1 2.5 1
2.5 2.5 2.5 2.5 2.5 2.5 2.5 2.5 1 2.5 1 2.5 1 2.5 2.5 1 1 2.5 1 1 2.5 1 1 2.5 1 1 1 2.5 2.5 2.5 1 2.5 10 2.5 2.5 1 1.75 1 2.5 1
2.5 7.5 2.5 2.5 1 2.5 1 2.5 1 2.5 2.5 1 2.5 2.5 2.5 1 1 2.5 1 1 2.5 2.5 1 2.5 1 1 1 2.5 1 1 1 1 1 1 1 1.75 2.5 2.5 7.5 1
2.5 1 2.5 7.5 1 1 2.5 1.75 1 2.5 1 2.5 2.5 2.5 2.5 1 1 2.5 2.5 2.5 2.5 1 1 1 1 2.5 10 2.5 2.5 1 1 1 2.5 2.5 1 7.5 2.5 1 2.5 1
2.5 2.5 2.5 2.5 1 1 1 7.5 1 2.5 1 2.5 1 2.5 7.5 1 1 1 2.5 2.5 7.5 2.5 1 2.5 2.5 1 1 2.5 1 1 1 2.5 2.5 2.5 1 2.5 1 1 7.5 1
2.5 2.5 2.5 2.5 2.5 1 1 2.5 1 2.5 1 1 1 2.5 1 1 2.5 10 1 2.5 2.5 1 1 1 1 1 1 7.5 1 1 1 7.5 2.5 2.5 1 2.5 2.5 2.5 1.75 1
2.5 1 2.5 7.5 10 2.5 2.5 2.5 1 7.5 1 2.5 1 2.5 7.5 1 1 1 2.5 7.5 2.5 2.5 2.5 2.5 1 1 2.5 2.5 2.5 1 1 7.5 2.5 2.5 1 1 2.5 1 2.5 1
2.5 2.5 2.5 2.5 2.5 1 1 2.5 1 2.5 2.5 2.5 2.5 2.5 2.5 1 1 2.5 1 1 1 2.5 1 1 1 1 1 2.5 1 1 1 1 1 2.5 2.5 2.5 2.5 1 2.5 1
2.5 2.5 2.5 2.5 1 2.5 1 2.5 2.5 2.5 1 1 1 2.5 2.5 1 1 1 1 1 7.5 1 1 1 1 1 2.5 7.5 1 1 1 7.5 1 2.5 1 2.5 1 2.5 2.5 1
2.5 1 7.5 2.5 1 2.5 1 2.5 2.5 2.5 1 10 2.5 2.5 1 1 1 1 1 2.5 2.5 1 1 2.5 2.5 1 2.5 2.5 1 1 1 2.5 1 2.5 2.5 1 2.5 1 7.5 1
2.5 2.5 2.5 7.5 1 2.5 1 2.5 1 1 1 10 1 2.5 2.5 1 1 2.5 1 2.5 2.5 7.5 1 2.5 1 1 2.5 2.5 1 1 1 2.5 1 2.5 2.5 2.5 1 1 2.5 1
2.5 2.5 2.5 1 1 2.5 2.5 2.5 2.5 2.5 1 1 1 2.5 2.5 1 1 1 1 2.5 1.75 1 1 1 2.5 1 1 2.5 1 1 1 2.5 2.5 1.75 1 2.5 1 1 1.75 1
1.75 7.5 2.5 1 1 1 1 7.5 2.5 2.5 1 1 1 2.5 1.75 2.5 2.5 2.5 1 2.5 2.5 2.5 1 1 1 1 1 2.5 2.5 1 1 1 1 2.5 2.5 2.5 2.5 1 1.75 1
7.5 10 2.5 2.5 1 7.5 2.5 1.75 1 2.5 1 2.5 1 2.5 1 1 1 1 1 1 1 2.5 1 1 1 1 1 2.5 1 2.5 2.5 2.5 1 2.5 1 1 2.5 2.5 2.5 2.5
2.5 7.5 1 1.75 1 2.5 1 2.5 1 2.5 1 1 1 2.5 2.5 1 1 1 1 2.5 1.75 1 1 1 2.5 1 1 2.5 2.5 1 2.5 2.5 2.5 1 1 2.5 1 2.5 7.5 1
2.5 7.5 7.5 2.5 2.5 7.5 1 2.5 1 1.75 1 1 1 2.5 2.5 1 1 1 1 2.5 2.5 1 1 2.5 1 1 1 2.5 1 1 1 7.5 1 2.5 1 2.5 2.5 1 7.5 1
7.5 2.5 2.5 1 1 1 1 2.5 1 2.5 1 1 1 2.5 7.5 1 2.5 2.5 1 7.5 2.5 2.5 1 1 1 1 2.5 2.5 1 2.5 2.5 7.5 1 2.5 1 1 2.5 1 2.5 1
1 1 2.5 2.5 1 2.5 1 1 1 2.5 1 1 1 2.5 2.5 1 1 1 1 2.5 2.5 1 1 1 1 1 1 2.5 1 10 2.5 2.5 1 2.5 1 1 2.5 2.5 1 1
7.5 1 1 7.5 1 7.5 1 2.5 1 2.5 1 10 2.5 2.5 2.5 2.5 1 1 1 2.5 1 10 1 1 1 1 1 2.5 1 1 2.5 1.75 1 2.5 1 1.75 1 1 1 1
2.5 2.5 2.5 2.5 1 2.5 1 1 1 2.5 1 2.5 1 2.5 1 1 1 1 1 2.5 1 2.5 1 1 1 2.5 1 2.5 1 2.5 2.5 2.5 1 2.5 1 1 2.5 1 1.75 1
2.5 7.5 2.5 7.5 2.5 1 2.5 2.5 1 2.5 1 1 1 2.5 2.5 1 1 1 1 1 2.5 1 1 1 1 1 2.5 2.5 1 1 1 7.5 1 2.5 1 1 1 1 7.5 1
2.5 1 2.5 2.5 1 1.75 1 1 1 2.5 1 2.5 2.5 7.5 2.5 1 1 2.5 2.5 2.5 2.5 1 1 1 2.5 2.5 1 2.5 1 10 1 2.5 1 2.5 1 1 2.5 1 2.5 1
2.5 1 2.5 2.5 1 2.5 1 2.5 1 2.5 2.5 1 1 2.5 2.5 1 1 2.5 1 2.5 2.5 1 1 1 2.5 1 1 2.5 1 1 1 2.5 1 2.5 1 1 2.5 1 1 1
2.5 2.5 2.5 2.5 2.5 2.5 2.5 7.5 2.5 2.5 2.5 1 1 2.5 2.5 1 1 1 1 7.5 2.5 2.5 2.5 1 1 1 1 7.5 1 1 1 2.5 1 2.5 1 2.5 2.5 2.5 7.5 1
2.5 2.5 2.5 2.5 1 1 10 7.5 2.5 1.75 2.5 1 2.5 2.5 2.5 1 1 2.5 1 2.5 2.5 2.5 1 1 1 1 1 2.5 1 1 1 2.5 1 2.5 1 2.5 1 1 2.5 1
2.5 2.5 2.5 2.5 1 7.5 1 1.75 10 2.5 2.5 1 1 2.5 2.5 1 2.5 2.5 1 2.5 1.75 1 2.5 1 1 1 1 2.5 1 1 1 2.5 1 2.5 1 2.5 2.5 1 2.5 1
2.5 1 2.5 7.5 1 7.5 2.5 2.5 1 2.5 1 1 1 2.5 2.5 1 1 2.5 1 1 2.5 1 2.5 1 1 1 1 7.5 1 1 1 7.5 2.5 2.5 1 1 1 1 2.5 1
2.5 1.75 2.5 7.5 2.5 2.5 1 2.5 1 1.75 1 2.5 1 2.5 1 1 1 1 1 1 2.5 1 1 2.5 1 1 1 2.5 1 2.5 1 2.5 1 2.5 1 7.5 7.5 1 2.5 1
2.5 2.5 2.5 2.5 1 2.5 1 2.5 2.5 7.5 1 1 1 7.5 7.5 1 1 1 1 7.5 2.5 2.5 1 1 2.5 2.5 1 2.5 2.5 1 1 2.5 1 2.5 1 2.5 2.5 1 7.5 1
2.5 1 1 2.5 2.5 7.5 1 2.5 1 2.5 1 1 2.5 1.75 1 1 1 2.5 1 2.5 2.5 2.5 1 2.5 1 1 1 7.5 2.5 2.5 1 2.5 1 1 2.5 2.5 2.5 1 2.5 2.5
2.5 2.5 1 2.5 1 2.5 1 7.5 1 1 1 1 2.5 2.5 2.5 1 1 1 1 2.5 1 2.5 1 2.5 2.5 2.5 2.5 2.5 2.5 1 1 2.5 1 1.75 2.5 7.5 1 1 2.5 1
7.5 1 2.5 2.5 1 2.5 1 2.5 2.5 7.5 2.5 1 1 2.5 1 1 1 1 1 1 2.5 1 1 1 1 1 1 7.5 1 1 1 2.5 1 2.5 1 1 1 1 2.5 1
2.5 2.5 2.5 2.5 1 2.5 1 2.5 1 2.5 1 2.5 1 2.5 1 1 1 2.5 1 2.5 2.5 2.5 10 1 1 2.5 1 8.75 1 2.5 1 2.5 1 7.5 1 1 2.5 2.5 2.5 1
7.5 1 2.5 2.5 1 7.5 1 7.5 1 2.5 1 1 2.5 2.5 2.5 1 1 1 1 1 2.5 2.5 1 1 1 1 1 2.5 10 1 1 7.5 1 2.5 1 1 1 2.5 2.5 1
2.5 2.5 7.5 7.5 1 7.5 2.5 2.5 1 2.5 1 1 1 2.5 2.5 1 1 1 1 2.5 2.5 2.5 1 1 1 10 2.5 7.5 1 1 1 2.5 1 2.5 1 2.5 2.5 1 1 1
1 2.5 2.5 2.5 1 2.5 1 2.5 2.5 2.5 2.5 1 1 7.5 2.5 1 1 1 1 1 2.5 1 1 1 2.5 1 1 2.5 2.5 1 1 7.5 2.5 2.5 1 1 2.5 2.5 2.5 2.5
2.5 2.5 2.5 2.5 1 1 1 7.5 2.5 2.5 1 1 1 2.5 2.5 1 1 1 1 1 2.5 1 1 2.5 1 2.5 2.5 2.5 2.5 2.5 2.5 7.5 1 2.5 2.5 7.5 2.5 1 2.5 2.5
2.5 2.5 2.5 2.5 2.5 7.5 1 1 1 2.5 1 1 1 2.5 1 1 1 1 1 1 1 1 1 1 1 1 2.5 2.5 1 1 1 2.5 1 2.5 10 1 2.5 1 2.5 1
7.5 2.5 7.5 2.5 1 7.5 1 2.5 2.5 2.5 1 1 1 2.5 2.5 1 2.5 1 1 2.5 2.5 2.5 1 1 2.5 1 1 7.5 1 1 1 2.5 1 10 2.5 1 1 1 2.5 1
2.5 1 7.5 7.5 2.5 2.5 1 2.5 1 2.5 1 1 1 1.75 1 1 1 2.5 1 1 1 10 2.5 1 1 1 1 7.5 1 1 1 7.5 2.5 2.5 1 2.5 2.5 1 2.5 1
2.5 1 2.5 2.5 1 7.5 2.5 2.5 1 2.5 1 1 1 7.5 2.5 1 1 2.5 1 2.5 2.5 1 1 1 1 1 1 2.5 1 1 1 7.5 1 2.5 2.5 2.5 1 1 1 1
2.5 2.5 2.5 2.5 1 2.5 10 2.5 2.5 2.5 1 2.5 1 2.5 7.5 1 1 2.5 1 2.5 2.5 2.5 1 1 1 1 2.5 2.5 1 2.5 1 2.5 1 2.5 1 7.5 1 1 1 2.5
2.5 2.5 2.5 2.5 1 2.5 1 7.5 1 2.5 1 2.5 1 7.5 2.5 1 1 1 1 2.5 2.5 2.5 1 1 1 1 2.5 2.5 1 1 1 1 1 2.5 1 2.5 10 2.5 2.5 1
7.5 1 2.5 2.5 1 2.5 1 2.5 1 2.5 1 1 1 2.5 1.75 1 1 1 1 1 2.5 1 1 1 2.5 1 2.5 2.5 1 1 1 7.5 1 2.5 1 1 2.5 1 2.5 1
1 2.5 2.5 1 10 2.5 1 2.5 1 2.5 1 1 1 2.5 2.5 2.5 1 1 1 2.5 2.5 1.75 1 2.5 2.5 1 1 2.5 1 1 1 1 1 2.5 2.5 2.5 1 1 2.5 1
2.5 1 2.5 2.5 10 2.5 1 2.5 1 2.5 1 1 1 1 2.5 2.5 1 1 1 1 2.5 1 1 2.5 2.5 1 1 2.5 1 1 1 1 1 2.5 2.5 2.5 2.5 1 2.5 1
2.5 1 2.5 1 2.5 1.75 1 2.5 1 1 1 2.5 2.5 2.5 2.5 1 1 1 1 2.5 2.5 2.5 1 1 1 1 1 2.5 2.5 2.5 1 7.5 1 2.5 1 1 2.5 2.5 1 1
2.5 1 2.5 1.75 1 1 1 2.5 1 1 1 1 1 1 2.5 1 1 1 1 1 2.5 1 1 1 1 1 2.5 2.5 1 1 1 2.5 1 2.5 1 2.5 1 1 1 1
2.5 2.5 2.5 2.5 1 7.5 1 2.5 1 2.5 1 1 1 1 2.5 1 1 1 1 1 1 2.5 1 1 1 1 1 2.5 1 1 2.5 2.5 1 2.5 1 7.5 1.75 2.5 2.5 1
2.5 2.5 1 2.5 1 2.5 1 7.5 1 2.5 1 2.5 2.5 2.5 2.5 1 1 1 1 2.5 2.5 7.5 2.5 2.5 1 1 1 2.5 1 1 2.5 2.5 1 2.5 1 1 1 1 2.5 1
2.5 1 7.5 2.5 2.5 2.5 1 2.5 1 2.5 2.5 2.5 1 1 2.5 1 1 1 1 2.5 2.5 2.5 1 1 1 1 2.5 7.5 1 2.5 1 1 1 2.5 2.5 7.5 2.5 1 1 1
2.5 2.5 7.5 2.5 1 2.5 2.5 2.5 1 2.5 1 2.5 1 7.5 2.5 1 2.5 2.5 1 1 2.5 1 1 1 1 2.5 2.5 7.5 2.5 2.5 1 2.5 1 2.5 1 1 2.5 2.5 2.5 1
2.5 1 2.5 2.5 2.5 2.5 10 2.5 1 1 1 2.5 1 2.5 1 1 2.5 1 1 1 7.5 1 1 1 1 1 2.5 2.5 1 1 1 1.75 1 2.5 2.5 2.5 2.5 1 1 1
2.5 2.5 2.5 2.5 2.5 1 1 2.5 1 2.5 1 1 1 1 2.5 1 1 2.5 1 2.5 2.5 1 2.5 1 2.5 2.5 1 2.5 1 1 1 2.5 1 2.5 1 1 10 1 7.5 1
2.5 1.75 7.5 2.5 1 2.5 1 2.5 1 7.5 1 1 1 7.5 2.5 1 1 1 2.5 2.5 2.5 2.5 2.5 1 1 1 1 7.5 2.5 1 1 1 1 7.5 1 1 2.5 1 2.5 1
2.5 2.5 2.5 2.5 2.5 2.5 1 2.5 1 10 1 2.5 1 7.5 2.5 2.5 2.5 2.5 1 2.5 2.5 1 1 2.5 2.5 2.5 2.5 7.5 10 2.5 1 7.5 1 1 2.5 1 2.5 1 2.5 1
7.5 2.5 7.5 2.5 1 2.5 1 2.5 1 2.5 2.5 2.5 1 2.5 7.5 1 1 1 2.5 1 2.5 2.5 1 2.5 1 1 1 2.5 1 1 1 2.5 2.5 2.5 1 1 1 1 2.5 1
2.5 2.5 2.5 2.5 1 2.5 10 2.5 1 2.5 1 2.5 1 2.5 2.5 1 1 2.5 1 7.5 2.5 1 1 1 1 1 2.5 2.5 1 1 1 1 1 10 1 2.5 2.5 1 2.5 1
2.5 2.5 7.5 2.5 1 7.5 2.5 1 2.5 2.5 1 1 1 2.5 2.5 1 1 1 2.5 2.5 1 1 1 2.5 1 1 1 2.5 1 2.5 1 7.5 1 2.5 10 7.5 2.5 1 2.5 1
7.5 1 7.5 2.5 1 2.5 1 2.5 1 2.5 1 2.5 1 2.5 2.5 1 2.5 1 1 1 2.5 2.5 1 1 1 1 2.5 2.5 1 1 1 7.5 1 2.5 1 1 1 1 2.5 1
2.5 2.5 2.5 2.5 2.5 7.5 1 2.5 1 2.5 1 2.5 1 2.5 2.5 1 2.5 1 1 1 1 2.5 1 1 1 1 1 2.5 2.5 1 2.5 1 1 2.5 1 7.5 10 1 7.5 1
2.5 1 2.5 2.5 1 7.5 1 2.5 2.5 2.5 2.5 2.5 1 2.5 2.5 2.5 1 2.5 1 2.5 1 1 1 1 1 1 1 2.5 2.5 1 1 2.5 1 2.5 1 2.5 2.5 1 2.5 1
2.5 2.5 7.5 1 1 2.5 1 2.5 1 2.5 1 1 1 2.5 2.5 1 1 1 2.5 1 2.5 1 2.5 1 1 2.5 1 2.5 2.5 1 1 7.5 1 2.5 1 2.5 2.5 1 1 1
7.5 2.5 2.5 2.5 1 2.5 1 2.5 1 2.5 1 1 2.5 2.5 2.5 1 2.5 1 1 2.5 2.5 1 1 1 2.5 1 1 2.5 1 2.5 1 2.5 1 2.5 1 7.5 2.5 1 7.5 1
2.5 2.5 2.5 2.5 1 1 1 2.5 2.5 2.5 1 1 1 2.5 2.5 1 2.5 1 1 2.5 1 2.5 1 1 1 1 2.5 2.5 2.5 1 1 1 1 2.5 1 2.5 1 2.5 2.5 1
2.5 1 1 2.5 1 2.5 1 2.5 1 8.75 1 1 2.5 2.5 7.5 1 2.5 1 1 1 1 1 1 1 1 1 2.5 2.5 1 1 2.5 2.5 1 2.5 10 2.5 2.5 1 2.5 1
2.5 7.5 2.5 2.5 1 1 1 2.5 1 1 2.5 2.5 2.5 2.5 1 2.5 1 1 1 2.5 1 1 1 1 1 2.5 2.5 2.5 1 2.5 1 1 1 2.5 1 7.5 2.5 1 7.5 1
2.5 2.5 7.5 2.5 1 2.5 1 1 1 1 1 2.5 1 2.5 1 2.5 1 1 1 1 2.5 10 1 1 1 1 1 2.5 2.5 10 2.5 2.5 1 2.5 1 2.5 1 1 2.5 1
2.5 2.5 1.75 2.5 10 1 1 2.5 1 2.5 1 2.5 2.5 2.5 2.5 1 2.5 2.5 1 7.5 2.5 1 1 1 1 1 10 2.5 1 1 1 2.5 1 7.5 2.5 1 2.5 1 7.5 1
2.5 2.5 2.5 7.5 1 7.5 1 2.5 2.5 2.5 1 1 2.5 2.5 1 1 1 1 1 1 2.5 1 1 10 1 2.5 1 2.5 2.5 1 1 2.5 1 1 2.5 1 8.75 2.5 2.5 2.5
2.5 1.75 7.5 2.5 1 2.5 2.5 1 1 2.5 1 2.5 2.5 2.5 1.75 1 1 1 2.5 1 2.5 1 1 2.5 2.5 1 1 2.5 1 1 1 2.5 1 2.5 1 1 1 1 2.5 1
2.5 2.5 7.5 2.5 1 1 1 2.5 1 2.5 1 1 2.5 2.5 2.5 1 2.5 2.5 1 2.5 1 2.5 1 1 2.5 1 1 7.5 1 1 1 7.5 2.5 2.5 1 1 1 1 2.5 1
2.5 2.5 7.5 2.5 1 2.5 1 2.5 1 2.5 1 1 1 7.5 2.5 1 1 10 1 2.5 2.5 1 1 1 1 1 1 2.5 1 1 1 2.5 1 2.5 1 1 1.75 1 7.5 1
2.5 2.5 2.5 7.5 1 2.5 2.5 2.5 1 2.5 1 2.5 1 1.75 2.5 1 1 1 1 2.5 2.5 1 1 1 1 1 1 2.5 1 2.5 2.5 2.5 1 2.5 1 2.5 2.5 2.5 2.5 1
2.5 2.5 2.5 2.5 2.5 2.5 2.5 2.5 2.5 2.5 1 1 2.5 2.5 2.5 1 1 1 1 2.5 2.5 1 1 1 1 1 2.5 2.5 1 1 1 2.5 1 1 1 2.5 1 1 1 1
2.5 2.5 2.5 7.5 1 2.5 1 2.5 2.5 2.5 1 1 1 2.5 1 1 1 1 1 2.5 7.5 1 1 1 1 2.5 2.5 7.5 1 1 2.5 7.5 2.5 1 1 7.5 2.5 2.5 2.5 1
2.5 2.5 2.5 2.5 1 1 1 2.5 1 2.5 1 1 1 2.5 2.5 1 1 2.5 1 1 1 2.5 2.5 1 1 1 2.5 2.5 1 2.5 1 2.5 1 7.5 1 2.5 2.5 2.5 2.5 2.5
7.5 1 2.5 2.5 2.5 1.75 1 2.5 1 2.5 1 2.5 1 2.5 2.5 1 1 1 1 2.5 2.5 1 1 1 1 1 2.5 2.5 2.5 2.5 1 1 1 10 1 1 1 1 2.5 1
2.5 1 2.5 2.5 2.5 2.5 1 2.5 1 2.5 2.5 1 1 2.5 2.5 2.5 1 1 1 2.5 2.5 2.5 2.5 2.5 1 1 1 2.5 1 1 1 7.5 1 2.5 1 1 2.5 1 1.75 2.5
2.5 2.5 1 2.5 1 1.75 2.5 10 1 2.5 1 1 1 2.5 7.5 1 1 1 1 8.75 2.5 1 1 10 2.5 1 1 7.5 1 1 1 2.5 1 2.5 2.5 2.5 2.5 1 2.5 1
2.5 2.5 1 7.5 1 1 1 2.5 1 2.5 1 1 1 2.5 1 2.5 1 1 2.5 2.5 2.5 2.5 1 2.5 2.5 2.5 1 2.5 2.5 1 1 2.5 2.5 1 1 1 1 1 1 1
7.5 2.5 2.5 7.5 2.5 2.5 1 2.5 1 2.5 1 1 1 2.5 2.5 1 1 1 1 2.5 2.5 1 1 2.5 1 2.5 1 2.5 1 1 1 2.5 2.5 2.5 2.5 1 2.5 1 2.5 1
1 2.5 7.5 2.5 1 2.5 1 7.5 10 1.75 1 2.5 1 2.5 10 1 1 1 1 1 2.5 2.5 2.5 1 2.5 1 2.5 2.5 1 1 2.5 1 1 1 1 1 10 1 2.5 1
2.5 1.75 2.5 7.5 2.5 2.5 10 2.5 1 2.5 1 2.5 1 2.5 1.75 2.5 1 1 1 1 2.5 1 1 2.5 2.5 1 1 2.5 1 1 2.5 2.5 1 7.5 1 1 2.5 1 7.5 1
2.5 2.5 2.5 2.5 1 1 1 7.5 1 10 1 1 2.5 2.5 2.5 2.5 1 1 1 1 2.5 2.5 1 2.5 2.5 1 1 2.5 1 1 1 7.5 1 1.75 1 7.5 2.5 1 1 1
2.5 2.5 2.5 7.5 1 1 1 1.75 1 2.5 1 1 1 2.5 2.5 1 1 2.5 2.5 1 7.5 10 1 1 2.5 2.5 1 7.5 1 1 1 7.5 1 2.5 1 1 2.5 1 7.5 1
2.5 1 2.5 2.5 2.5 7.5 1 2.5 1 1 1 1 1 2.5 2.5 1 1 1 1 1 2.5 1 1 1 1 1 1 2.5 1 1 1 2.5 2.5 2.5 1 2.5 1 1 2.5 1
2.5 2.5 7.5 7.5 1 2.5 1 2.5 1 2.5 1 1 1 2.5 2.5 1 1 2.5 1 1 2.5 1 1 1 2.5 1 2.5 2.5 2.5 1 2.5 2.5 1 2.5 1 1 2.5 1 1 1
2.5 2.5 2.5 7.5 1 2.5 2.5 2.5 2.5 2.5 1 2.5 2.5 2.5 1 1 1 10 1 1 1 10 1 2.5 1 1 2.5 2.5 1 1 1 2.5 1 2.5 1 2.5 1 1 2.5 2.5
7.5 2.5 7.5 2.5 1 1 2.5 2.5 2.5 7.5 1 1 1 2.5 2.5 2.5 1 2.5 1 1 2.5 1 1 10 2.5 2.5 1 2.5 1 1 1 2.5 1 1 1 1 1 1 2.5 1
2.5 2.5 2.5 2.5 2.5 1 2.5 7.5 1 2.5 1 2.5 1 2.5 2.5 1 1 2.5 1 2.5 2.5 2.5 1 1 1 2.5 2.5 2.5 1 1 1 2.5 1 2.5 2.5 1 2.5 1 2.5 1
2.5 1 2.5 2.5 2.5 2.5 10 2.5 1 2.5 1 2.5 2.5 2.5 2.5 1 2.5 1 1 1 2.5 2.5 1 1 1 1 1 2.5 1 2.5 1 1 2.5 2.5 2.5 1 2.5 1 2.5 2.5
7.5 1 7.5 2.5 1 7.5 1 2.5 1 2.5 1 1 1 2.5 2.5 1 1 1 1 2.5 7.5 1 2.5 10 1 1 1 2.5 2.5 2.5 1 1 1 2.5 1 2.5 10 1 2.5 1
2.5 2.5 2.5 2.5 1 2.5 1 2.5 1 1 1 1 1 2.5 2.5 1 1 1 1 2.5 2.5 2.5 1 1 2.5 1 2.5 7.5 1 1 1 2.5 1 7.5 1 1 2.5 2.5 1 1
7.5 1.75 7.5 2.5 1 7.5 1 2.5 1 2.5 1 2.5 1 2.5 2.5 2.5 1 1 1 7.5 2.5 1 1 2.5 1 1 1 2.5 1 1 2.5 2.5 1 2.5 2.5 2.5 1 1 1 1
2.5 2.5 2.5 2.5 2.5 2.5 1 2.5 1 2.5 1 1 1 2.5 1 1 2.5 2.5 1 1 2.5 2.5 1 1 1 1 2.5 2.5 1 2.5 1 7.5 1 2.5 1 1 1 1 1 1
2.5 7.5 2.5 7.5 1 7.5 1 2.5 1 2.5 1 1 1 2.5 1 10 2.5 1 1 1 2.5 2.5 1 1 1 2.5 1 2.5 1 1 1 1 1 2.5 1 7.5 1 1 2.5 1
2.5 2.5 2.5 1.75 1 2.5 2.5 1.75 1 2.5 1 1 1 2.5 2.5 1 1 1 2.5 1 1 2.5 1 1 1 1 1 2.5 2.5 2.5 1 7.5 1 2.5 10 1 2.5 1 1 1
2.5 2.5 2.5 2.5 2.5 2.5 1 7.5 1 2.5 1 1 1 2.5 7.5 2.5 1 2.5 1 1 2.5 1 1 1 2.5 1 1 7.5 1 1 1 2.5 1 2.5 1 7.5 2.5 1 2.5 1
7.5 2.5 2.5 2.5 1 7.5 2.5 2.5 1 2.5 1 2.5 1 2.5 2.5 2.5 1 2.5 1 2.5 2.5 1 1 1 1 1 1 2.5 2.5 2.5 1 7.5 1 2.5 1 2.5 2.5 2.5 2.5 1
2.5 2.5 2.5 1 1 1 1 2.5 1 2.5 1 1 1 2.5 2.5 1 1 1 1 2.5 1.75 1 1 2.5 2.5 2.5 10 2.5 2.5 2.5 2.5 2.5 1 2.5 1 1 2.5 1 2.5 1
2.5 1 2.5 2.5 1 2.5 2.5 2.5 1 7.5 1 2.5 1 2.5 2.5 1 1 1 1 2.5 2.5 2.5 1 1 1 1 2.5 2.5 2.5 1 1 7.5 1 2.5 2.5 1 2.5 1 2.5 1
2.5 1 7.5 2.5 1 2.5 1 2.5 1 2.5 1 1 2.5 2.5 2.5 1 1 2.5 1 1 2.5 2.5 1 1 1 1 1 2.5 2.5 1 1 2.5 1 2.5 1 7.5 2.5 1 1 1
2.5 2.5 2.5 1 1 1 2.5 2.5 1 1 2.5 1 1 2.5 1 1 1 1 1 1 2.5 1 1 2.5 1 1 1 2.5 1 2.5 2.5 7.5 1 2.5 1 1 2.5 2.5 2.5 1
2.5 1 2.5 2.5 1 1 1 2.5 1 1 1 1 1 2.5 1 1 1 1 1 1 1 1 1 1 1 1 1 2.5 1 1 10 1 1 2.5 1 1 2.5 1 2.5 1
7.5 2.5 2.5 2.5 2.5 7.5 10 2.5 1 7.5 1 2.5 1 1 2.5 1 1 2.5 1 7.5 2.5 1 2.5 2.5 1 1 1 7.5 2.5 1 1 1 1 2.5 1 1 2.5 1 2.5 1
2.5 1.75 7.5 2.5 2.5 1 1 2.5 1 2.5 1 1 2.5 7.5 1 1 1 1 1 2.5 2.5 1 1 1 1 1 1 2.5 2.5 1 1 1 1 2.5 2.5 1 2.5 1 2.5 1
2.5 2.5 1 2.5 1 1 1 7.5 1 1 1 1 1 2.5 2.5 1 1 2.5 1 2.5 1 2.5 1 2.5 1 2.5 2.5 7.5 1 1 1 2.5 1 2.5 1 7.5 2.5 1 2.5 1
2.5 2.5 2.5 2.5 1 1 1 1.75 1 2.5 1 1 1 2.5 2.5 1 2.5 1 1 1 2.5 2.5 1 1 1 1 1 2.5 2.5 1 1 7.5 1 2.5 2.5 7.5 2.5 1 1 1
2.5 2.5 2.5 2.5 1 1.75 2.5 7.5 1 2.5 1 2.5 2.5 2.5 2.5 2.5 1 1 1 1 2.5 1 1 1 1 1 10 2.5 1 1 1 1 1 10 2.5 1 2.5 1 7.5 1
2.5 1 2.5 2.5 1 1 1 1 1 2.5 1 2.5 1 2.5 1 1 1 1 1 2.5 1 1 1 2.5 1 2.5 2.5 7.5 2.5 1 1 7.5 1 1 1 7.5 1 1 2.5 1
7.5 2.5 2.5 7.5 1 7.5 1 7.5 2.5 1 1 2.5 1 2.5 2.5 1 1 1 1 1.75 1 1 1 2.5 1 2.5 1 2.5 1 2.5 2.5 7.5 1 2.5 1 1 2.5 1 2.5 1
2.5 1 2.5 2.5 1 2.5 1 2.5 1 2.5 1 2.5 2.5 2.5 2.5 1 1 2.5 1 1 2.5 2.5 1 1 1 1 1 2.5 1 2.5 1 2.5 2.5 10 2.5 2.5 2.5 1 2.5 1
2.5 2.5 7.5 2.5 2.5 7.5 1 2.5 1 2.5 1 1 2.5 2.5 2.5 1 2.5 1 1 1 2.5 1 1 1 1 1 10 2.5 1 2.5 1 2.5 1 2.5 1 1 2.5 1 2.5 1
2.5 2.5 2.5 1 1 2.5 1 7.5 1 2.5 1 1 2.5 2.5 2.5 1 1 1 1 2.5 2.5 1 2.5 1 1 1 2.5 2.5 1 1 1 7.5 1 2.5 1 7.5 1 1 7.5 2.5
7.5 1 7.5 2.5 1 1 1 2.5 1 2.5 1 1 1 2.5 1 1 1 1 1 1 1 1 1 1 1 1 1 2.5 1 2.5 1 1 1 2.5 2.5 1 2.5 2.5 2.5 1
2.5 2.5 1 1.75 1 7.5 1 2.5 1 2.5 1 1 1 7.5 2.5 2.5 2.5 2.5 1 2.5 2.5 1 1 1 1 1 1 2.5 1 1 1 2.5 2.5 2.5 2.5 1 10 2.5 1 1
1.75 2.5 2.5 2.5 1 1 1 2.5 1 2.5 1 1 1 2.5 7.5 1 1 1 1 1 7.5 2.5 1 1 2.5 2.5 1 2.5 1 1 1 7.5 1 7.5 1 1 2.5 1 1 2.5
2.5 2.5 2.5 2.5 1 2.5 2.5 1 1 7.5 1 1 2.5 2.5 2.5 2.5 1 2.5 1 2.5 2.5 1 1 2.5 2.5 2.5 10 2.5 1 1 2.5 2.5 2.5 2.5 2.5 1 2.5 1 1 1
7.5 1 2.5 2.5 2.5 1 1 2.5 1 2.5 1 2.5 1 1 2.5 2.5 1 2.5 1 1 1 2.5 1 1 1 1 1 2.5 1 2.5 1 2.5 1 2.5 1 1 2.5 1 2.5 1
2.5 2.5 2.5 7.5 10 2.5 1 2.5 1 1 1 1 1 2.5 2.5 1 1 1 1 1 1 1 1 1 1 1 1 2.5 1 1 1 2.5 1 1.75 1 2.5 1 1 2.5 1
7.5 1 2.5 2.5 1 1 1 2.5 2.5 2.5 1 1 1 2.5 2.5 1 1 1 1 2.5 2.5 1 1 1 2.5 1 2.5 2.5 1 1 1 2.5 1 2.5 1 2.5 2.5 1 1.75 2.5
1 2.5 1.75 1 1 7.5 1 7.5 1 2.5 2.5 1 1 7.5 2.5 1 1 1 1 1 2.5 2.5 1 1 1 1 1 7.5 2.5 1 2.5 2.5 1 1 1 1 2.5 1 2.5 2.5
2.5 2.5 2.5 1 1 2.5 1 1 2.5 2.5 1 1 1 2.5 2.5 1 1 10 2.5 7.5 2.5 2.5 2.5 1 2.5 1 1 2.5 1 1 1 2.5 1 2.5 1 7.5 2.5 2.5 7.5 1
2.5 7.5 2.5 2.5 1 7.5 2.5 2.5 2.5 2.5 1 1 2.5 1 7.5 2.5 1 1 1 7.5 2.5 1 1 1 1 1 1 2.5 2.5 1 2.5 2.5 1 1 1 7.5 2.5 1 1 1
2.5 2.5 2.5 7.5 1 2.5 2.5 2.5 1 7.5 1 1 1 2.5 7.5 1 1 10 2.5 7.5 1.75 10 2.5 1 1 2.5 2.5 7.5 2.5 1 1 2.5 1 10 1 1 2.5 1 1 1
2.5 2.5 2.5 1 2.5 2.5 1 2.5 1 2.5 1 2.5 1 2.5 2.5 1 1 1 1 1 2.5 2.5 1 1 1 1 1 7.5 1 1 1 7.5 1 2.5 1 1 2.5 1 2.5 1
7.5 1 2.5 2.5 1 1 2.5 2.5 2.5 2.5 1 2.5 1 1 2.5 1 1 1 1 2.5 2.5 1 1 1 1 2.5 1 7.5 1 2.5 1 2.5 1 7.5 1 2.5 8.75 1 2.5 1
7.5 2.5 2.5 2.5 2.5 1 2.5 2.5 10 7.5 1 1 1 2.5 2.5 1 1 1 1 2.5 7.5 1.75 1 1 10 2.5 2.5 2.5 1 1 1 1 1 2.5 1 1 10 1 2.5 1
2.5 1.75 2.5 2.5 1 7.5 1 1.75 1 2.5 1 1 1 2.5 2.5 1 1 1 1 1 2.5 2.5 1 1 1 1 2.5 2.5 2.5 1 1 1 1 1.75 1 1 2.5 1 2.5 1
7.5 2.5 1 1 1 2.5 1 2.5 1 2.5 1 1 1 1.75 2.5 1 1 2.5 1 1 7.5 2.5 1 2.5 1 1 1 2.5 1 2.5 1 1 2.5 7.5 1 1 2.5 1 1.75 1
2.5 7.5 1 1.75 2.5 7.5 1 1 1 2.5 1 1 2.5 2.5 2.5 1 1 1 1 2.5 2.5 2.5 1 10 1 1 1 2.5 1 1 1 2.5 1 2.5 1 1 2.5 2.5 2.5 1
2.5 2.5 2.5 1.75 1 2.5 1 2.5 2.5 2.5 1 2.5 2.5 2.5 2.5 1 1 1 1 2.5 2.5 1 1 1 1 1 1 2.5 1 1 2.5 2.5 2.5 2.5 1 2.5 1 1 7.5 1
2.5 2.5 2.5 2.5 2.5 2.5 1 2.5 1 1 2.5 1 1 2.5 2.5 1 1 1 1 2.5 7.5 1 2.5 1 1 2.5 1 2.5 2.5 1 1 7.5 2.5 10 2.5 1 2.5 1 2.5 1
2.5 1 1 2.5 1 2.5 1 2.5 2.5 2.5 2.5 2.5 1 2.5 2.5 1 2.5 2.5 1 2.5 2.5 2.5 1 1 1 1 10 2.5 1 1 1 2.5 1 2.5 1 1 1 1 2.5 1
2.5 10 2.5 1 2.5 1 1 2.5 1 2.5 1 1 1 2.5 2.5 1 1 1 1 2.5 10 1 1 1 1 1 1 2.5 1 1 2.5 2.5 1 2.5 2.5 7.5 1.75 1 2.5 1
2.5 1 2.5 2.5 2.5 2.5 2.5 2.5 1 2.5 1 1 1 2.5 2.5 2.5 1 1 1 1 2.5 1 1 1 1 1 2.5 2.5 1 1 1 2.5 1 2.5 1 1 2.5 1 2.5 1
1 2.5 2.5 2.5 1 2.5 1 2.5 1 2.5 1 2.5 1 7.5 2.5 1 1 2.5 1 2.5 2.5 1 1 1 1 1 1 2.5 2.5 1 1 1 2.5 2.5 1 1 2.5 1 1 1
2.5 2.5 2.5 2.5 1 2.5 2.5 7.5 1 2.5 1 1 1 7.5 10 1 1 2.5 1 2.5 2.5 2.5 2.5 1 1 1 1 7.5 1 2.5 2.5 2.5 1 2.5 2.5 2.5 2.5 1 1 1
7.5 2.5 1 2.5 1 2.5 1 2.5 1 1 1 1 1 1 7.5 1 1 1 1 2.5 7.5 1 2.5 2.5 2.5 1 1 2.5 1 1 1 1 1 7.5 2.5 2.5 2.5 1 2.5 1
2.5 2.5 7.5 7.5 1 1 2.5 2.5 1 2.5 1 2.5 1 2.5 2.5 1 2.5 1 1 1 2.5 1 1 2.5 1 1 1 2.5 2.5 2.5 1 1 2.5 2.5 1 2.5 1 1 2.5 1
7.5 2.5 2.5 1.75 1 7.5 1 7.5 1 2.5 1 2.5 1 2.5 2.5 1 1 1 1 2.5 2.5 2.5 1 1 1 1 1 2.5 1 1 1 2.5 1 1 1 2.5 2.5 1 7.5 1
2.5 2.5 2.5 2.5 1 7.5 2.5 2.5 1 2.5 1 1 1 2.5 2.5 1 1 2.5 1 1 1 1 1 2.5 1 1 1 2.5 1 1 1 7.5 1 2.5 1 7.5 2.5 1 2.5 1
2.5 2.5 2.5 2.5 1 1 1 2.5 2.5 2.5 1 2.5 1 1 2.5 1 1 1 1 1 1 10 1 1 1 1 1 2.5 10 1 1 2.5 2.5 2.5 2.5 1 2.5 1 7.5 1
2.5 2.5 1 2.5 1 7.5 1 1 2.5 2.5 2.5 2.5 1 2.5 2.5 2.5 1 1 1 2.5 2.5 2.5 1 1 1 1 1 2.5 2.5 1 1 2.5 1 2.5 1 1 1 1 2.5 1
2.5 2.5 7.5 2.5 1 1 1 2.5 1 2.5 1 1 1 2.5 2.5 1 1 2.5 1 2.5 2.5 1 1 1 1 1 2.5 2.5 2.5 2.5 10 7.5 1 1 1 1 2.5 1 7.5 1
2.5 1.75 1 1 2.5 2.5 1 2.5 1 2.5 1 10 1 2.5 2.5 1 1 1 1 2.5 7.5 2.5 1 2.5 1 1 1 2.5 1 2.5 1 2.5 1 2.5 1 2.5 2.5 1 1 1
2.5 2.5 2.5 2.5 1 1 2.5 2.5 1 2.5 2.5 1 1 2.5 2.5 1 2.5 1 1 2.5 2.5 2.5 1 2.5 1 1 1 2.5 1 1 2.5 7.5 2.5 2.5 1 7.5 1 1 2.5 1
7.5 2.5 1.75 2.5 2.5 1 2.5 2.5 1 2.5 2.5 1 2.5 2.5 2.5 1 1 1 2.5 1 7.5 1 1 2.5 1 2.5 2.5 2.5 2.5 1 1 2.5 1 2.5 1 1 1 2.5 2.5 1
2.5 2.5 2.5 2.5 1 1 1 7.5 1 2.5 1 2.5 1 2.5 1 1 2.5 1 1 2.5 2.5 1 1 1 10 1 1 7.5 2.5 2.5 1 2.5 1 2.5 1 2.5 2.5 1 1 2.5
7.5 2.5 1 2.5 1 2.5 1 2.5 1 1 1 1 2.5 1 2.5 1 1 1 1 2.5 2.5 1.75 1 1 1 1 1 2.5 1 1 2.5 7.5 2.5 2.5 1 1 1.75 1 2.5 1
2.5 2.5 2.5 1.75 1 2.5 2.5 2.5 1 2.5 1 2.5 1 7.5 2.5 1 1 2.5 1 2.5 2.5 2.5 1 1 1 2.5 2.5 2.5 1 1 1 2.5 1 2.5 1 2.5 2.5 1 2.5 1
7.5 7.5 7.5 2.5 1 1 2.5 2.5 1 2.5 1 2.5 1 2.5 2.5 1 1 1 1 2.5 1 1 1 1 1 1 1 2.5 1 1 1 2.5 1 2.5 1 2.5 2.5 2.5 7.5 1
2.5 2.5 2.5 2.5 1 2.5 2.5 7.5 1 2.5 1 1 2.5 2.5 1 1 1 1 1 2.5 2.5 1 1 1 1 1 1 2.5 1 1 1 2.5 2.5 2.5 1 7.5 1 1 7.5 1
7.5 1 7.5 7.5 1 2.5 1 2.5 1 2.5 2.5 1 1 2.5 2.5 1 2.5 10 1 2.5 7.5 1 2.5 1 1 1 1 7.5 2.5 2.5 1 2.5 1 1 1 2.5 2.5 2.5 2.5 1
2.5 1 2.5 2.5 1 2.5 1 2.5 1 1 1 1 2.5 2.5 2.5 1 2.5 1 1 2.5 1 10 1 2.5 2.5 1 1 7.5 2.5 1 1 1 1 2.5 1 7.5 10 2.5 2.5 1
2.5 2.5 7.5 7.5 1 2.5 2.5 7.5 1 2.5 1 2.5 1 1 2.5 2.5 1 1 2.5 2.5 2.5 2.5 1 1 1 1 2.5 2.5 2.5 1 1 2.5 1 1 1 7.5 10 1 2.5 1
2.5 7.5 7.5 2.5 1 1 1 2.5 1 2.5 2.5 2.5 1 1 2.5 1 1 1 1 2.5 2.5 1 1 1 2.5 1 1 2.5 2.5 2.5 1 1 1 1 2.5 2.5 1 1 2.5 1
2.5 2.5 1 2.5 2.5 1 1 2.5 1 2.5 1 1 1 2.5 2.5 1 1 1 1 1 2.5 2.5 1 1 1 1 1 2.5 1 1 2.5 2.5 10 2.5 1 1 2.5 1 7.5 2.5
2.5 1.75 2.5 7.5 2.5 7.5 1 2.5 1 2.5 2.5 1 1 2.5 2.5 1 1 10 1 7.5 2.5 1 1 2.5 2.5 1 1 7.5 2.5 1 1 2.5 2.5 2.5 1 7.5 7.5 1 2.5 1
2.5 1 2.5 2.5 1 2.5 1 1 2.5 1 1 1 1 2.5 2.5 1 1 1 1 2.5 2.5 1 1 1 2.5 1 1 2.5 1 1 10 2.5 2.5 2.5 1 1 1 1 2.5 1
2.5 2.5 2.5 2.5 1 2.5 1 2.5 2.5 2.5 1 1 1 2.5 2.5 1 1 1 1 1 1.75 2.5 1 2.5 1 1 1 2.5 1 1 1 2.5 1 2.5 2.5 7.5 2.5 1 2.5 1
2.5 7.5 2.5 7.5 2.5 2.5 2.5 2.5 1 2.5 1 2.5 1 2.5 2.5 2.5 1 2.5 1 2.5 2.5 2.5 2.5 1 1 1 2.5 7.5 1 1 1 1 2.5 2.5 10 1 2.5 1 2.5 1
2.5 2.5 1 2.5 1 1.75 1 2.5 1 7.5 2.5 2.5 2.5 2.5 2.5 1 1 1 2.5 2.5 2.5 1 1 10 1 1 1 2.5 1 1 1 7.5 1 2.5 1 1 2.5 1 7.5 2.5
2.5 2.5 2.5 2.5 1 2.5 1 7.5 1 2.5 2.5 1 1 2.5 2.5 1 1 2.5 1 1 2.5 10 1 1 1 1 1 7.5 1 1 1 2.5 2.5 1 1 7.5 2.5 1 7.5 1
7.5 2.5 1.75 2.5 1 1.75 1 2.5 1 1.75 1 2.5 1 2.5 2.5 1 1 1 1 1 1 2.5 1 1 1 1 1 2.5 1 2.5 1 2.5 1 2.5 1 2.5 1 1 1 1
2.5 2.5 2.5 1 1 7.5 2.5 1 1 2.5 1 2.5 1 2.5 1 2.5 1 1 1 1 1 2.5 1 1 2.5 1 1 2.5 2.5 1 1 2.5 2.5 2.5 2.5 1 2.5 1 2.5 1
2.5 2.5 7.5 2.5 1 1 1 2.5 1 2.5 1 1 1 7.5 2.5 1 1 2.5 1 2.5 2.5 2.5 1 2.5 2.5 1 1 2.5 2.5 1 1 7.5 1 2.5 2.5 7.5 2.5 1 2.5 1
2.5 1 7.5 2.5 1 1 2.5 2.5 1 2.5 1 2.5 1 2.5 2.5 1 1 1 1 1 1 2.5 1 1 1 1 1 2.5 2.5 1 1 1 1 2.5 1 7.5 1 2.5 1 1
2.5 2.5 2.5 2.5 2.5 2.5 1 2.5 1 2.5 2.5 1 2.5 2.5 1 1 2.5 1 1 1 2.5 2.5 1 1 1 1 1 2.5 1 1 1 7.5 1 2.5 1 7.5 2.5 1 2.5 1
2.5 1.75 2.5 7.5 2.5 1.75 1 2.5 1 2.5 1 1 1 2.5 1 2.5 1 1 1 7.5 1 1 1 1 1 1 1 2.5 1 2.5 2.5 2.5 1 2.5 1 1 2.5 1 2.5 1
2.5 1 2.5 2.5 2.5 2.5 2.5 2.5 2.5 10 1 2.5 1 1 2.5 1 2.5 2.5 1 2.5 2.5 1 1 1 1 1 10 1 1 2.5 1 7.5 1 2.5 2.5 1 7.5 2.5 7.5 1
1.75 1 2.5 1 2.5 7.5 1 2.5 1 2.5 1 1 1 2.5 2.5 1 1 1 1 2.5 2.5 1.75 1 2.5 2.5 1 1 2.5 1 1 2.5 2.5 2.5 2.5 1 2.5 1.75 1 2.5 1
2.5 2.5 2.5 1 1 2.5 1 2.5 1 2.5 1 2.5 1 2.5 7.5 1 1 1 1 2.5 2.5 2.5 2.5 2.5 2.5 2.5 1 2.5 2.5 1 1 7.5 1 2.5 2.5 7.5 2.5 2.5 2.5 1
2.5 1 7.5 7.5 2.5 1 1 2.5 2.5 2.5 2.5 1 1 2.5 2.5 1 1 1 1 2.5 2.5 2.5 1 1 2.5 1 10 1 1 2.5 1 2.5 1 1 1 2.5 2.5 1 1 1
2.5 7.5 1 7.5 1 7.5 1 7.5 1 2.5 1 1 1 2.5 1 1 2.5 1 1 2.5 1.75 2.5 1 1 1 1 2.5 2.5 2.5 1 2.5 7.5 2.5 2.5 1 7.5 2.5 2.5 2.5 1
